datadet_2: cut index = [400, 1400]

stable:
[[0, 100], [158, 364], [422, 590], [652, 776], [838, 1000]]

turn:
[[100, 158], [364, 422], [590, 652], [776, 838]]


dataset_3: cut index = [880, 2450]

stable:
[[0, 44], [108, 177], [241, 328], [396, 436], [499, 546], [611, 658], [722, 792], [857, 882], [947, 1019], [1084, 1120], [1186, 1242], [1307, 1344], [1410, 1485], [1549, 1570]]


turn:
[[44, 108], [177, 241], [328, 396], [436, 499], [546, 611], [658, 722], [792, 857], [882, 947], [1019, 1084], [1120, 1186], [1242, 1307], [1344, 1410], [1485, 1549]]



dataset_4: cut index = [1330:3736]  (test dataset)

stable:
[[0, 15], [80, 209], [288, 469], [535, 679], [745, 878], [981, 1151], [1214, 1339], [1399, 1585], [1649, 1728], [1821, 1888], [1952, 2022], [2082, 2175], [2234, 2316], [2376, 2406]]

turn:
[[15, 80], [209, 288], [469, 535], [679, 745], [878, 981], [1151, 1214], [1339, 1399], [1585, 1649], [1728, 1821], [1888, 1952], [2022, 2082], [2175, 2234], [2316, 2376]]




dataset_5: cut index = [1350:4100]  (train dataset)

stable:
[[0, 35], [147, 319], [432, 547], [648, 665], [731, 792], [859, 911], [975, 987], [1098, 1239], [1335, 1384], [1449, 1485], [1550, 1566], [1655, 1723], [1829, 1952], [2045, 2233], [2339, 2396], [2462, 2495], [2583, 2593], [2657, 2668], [2736, 2750]]

turn:
[[35, 147], [319, 432], [547, 648], [665, 731], [792, 859], [911, 975], [987, 1098], [1239, 1335], [1384, 1449], [1485, 1550], [1566, 1655], [1723, 1829], [1952, 2045], [2233, 2339], [2396, 2462], [2495, 2583], [2593, 2657], [2668, 2736]]

